OVERALL:
know [2, 3, 3, 1, 2, 7, 3, 1, 0, 0, 1, 0, 1, 50, 0, 2, 2, 2, 1] Ov: 81
time [1, 1, 0, 1, 1, 3, 3, 3, 15, 26, 2, 2, 1, 2, 0, 1, 1, 0, 0] Ov: 63
never [9, 7, 0, 8, 0, 0, 1, 15, 1, 0, 3, 0, 0, 0, 4, 4, 0, 2, 0] Ov: 54
now [1, 1, 0, 12, 2, 0, 0, 0, 1, 0, 1, 0, 15, 9, 0, 0, 1, 2, 2] Ov: 47
oh [0, 0, 0, 15, 1, 4, 1, 1, 0, 0, 0, 0, 15, 0, 4, 0, 0, 0, 0] Ov: 41
back [0, 1, 0, 1, 2, 0, 0, 13, 0, 1, 2, 1, 0, 2, 0, 3, 1, 12, 0] Ov: 39
stay [0, 0, 1, 0, 0, 0, 0, 0, 32, 0, 0, 0, 0, 0, 0, 0, 0, 0, 0] Ov: 33
one [0, 0, 0, 0, 1, 8, 0, 0, 1, 0, 0, 0, 12, 0, 1, 1, 8, 1, 0] Ov: 33
last [0, 0, 0, 0, 0, 0, 0, 1, 1, 26, 0, 0, 0, 0, 0, 3, 0, 1, 0] Ov: 32
up [1, 0, 0, 0, 3, 2, 2, 4, 1, 0, 0, 2, 7, 2, 1, 1, 0, 0, 2] Ov: 28
love [4, 2, 0, 0, 0, 1, 0, 2, 2, 0, 0, 10, 0, 0, 0, 3, 0, 1, 0] Ov: 25
asking [0, 0, 1, 0, 0, 0, 1, 0, 0, 22, 0, 0, 0, 0, 0, 0, 1, 0, 0] Ov: 25
think [0, 0, 6, 0, 0, 0, 1, 1, 9, 0, 1, 0, 1, 0, 0, 6, 0, 0, 0] Ov: 25
home [0, 0, 8, 0, 2, 0, 0, 0, 0, 1, 0, 0, 0, 3, 0, 0, 0, 0, 10] Ov: 24
better [0, 0, 0, 0, 0, 0, 1, 0, 0, 2, 0, 0, 0, 21, 0, 0, 0, 0, 0] Ov: 24
you’re [1, 0, 0, 0, 0, 0, 7, 0, 0, 0, 0, 0, 14, 0, 0, 0, 0, 0, 0] Ov: 22
tell [0, 1, 0, 0, 0, 0, 3, 0, 0, 1, 0, 0, 14, 1, 0, 1, 0, 0, 1] Ov: 22
here [0, 0, 0, 0, 2, 0, 0, 0, 0, 1, 0, 0, 1, 0, 0, 1, 4, 11, 0] Ov: 20
everybody [0, 0, 0, 0, 0, 0, 0, 0, 0, 0, 0, 0, 2, 0, 0, 0, 0, 0, 18] Ov: 20
down [0, 2, 0, 3, 3, 0, 0, 0, 0, 0, 3, 0, 0, 2, 0, 1, 2, 2, 1] Ov: 19
everything [0, 0, 0, 0, 0, 6, 3, 0, 0, 2, 0, 0, 0, 8, 0, 0, 0, 0, 0] Ov: 19
night [0, 0, 3, 0, 1, 4, 2, 1, 1, 0, 0, 0, 0, 0, 6, 0, 0, 0, 0] Ov: 18
dancing [0, 0, 0, 0, 1, 4, 0, 0, 0, 0, 4, 0, 0, 0, 9, 0, 0, 0, 0] Ov: 18
look [0, 0, 0, 0, 0, 2, 0, 0, 0, 0, 0, 1, 2, 3, 1, 0, 0, 0, 9] Ov: 18
yeah [0, 2, 0, 1, 2, 7, 0, 0, 0, 0, 0, 0, 3, 0, 0, 0, 0, 0, 2] Ov: 17
follow [0, 0, 16, 0, 0, 0, 0, 0, 0, 0, 0, 0, 0, 0, 0, 0, 1, 0, 0] Ov: 17
want [0, 0, 0, 0, 0, 0, 4, 0, 0, 0, 0, 0, 0, 10, 0, 1, 0, 0, 2] Ov: 17
right [3, 2, 0, 0, 0, 0, 0, 1, 0, 2, 3, 1, 1, 0, 0, 0, 1, 1, 1] Ov: 16
getting [0, 0, 1, 0, 1, 0, 0, 13, 0, 0, 0, 0, 0, 0, 0, 0, 0, 0, 1] Ov: 16
name [0, 0, 3, 0, 1, 0, 0, 0, 0, 5, 0, 0, 4, 3, 0, 0, 0, 0, 0] Ov: 16
talk [0, 0, 0, 0, 0, 0, 0, 12, 2, 0, 0, 0, 0, 0, 0, 2, 0, 0, 0] Ov: 16
alone [2, 3, 3, 1, 1, 0, 0, 0, 0, 1, 1, 0, 0, 0, 0, 0, 1, 0, 2] Ov: 15
through [1, 1, 6, 0, 1, 0, 0, 0, 0, 0, 2, 0, 0, 0, 0, 0, 2, 1, 0] Ov: 14
come [1, 0, 0, 0, 0, 0, 0, 1, 0, 1, 0, 0, 0, 1, 0, 0, 0, 10, 0] Ov: 14
again [0, 0, 0, 0, 5, 0, 1, 3, 0, 1, 0, 0, 0, 0, 0, 4, 0, 0, 0] Ov: 14
girl [0, 0, 0, 0, 0, 0, 0, 0, 0, 0, 1, 0, 0, 0, 0, 1, 0, 0, 12] Ov: 14
made [0, 0, 0, 0, 1, 0, 1, 0, 0, 0, 1, 0, 1, 0, 9, 0, 0, 0, 0] Ov: 13
ooh [0, 0, 0, 0, 0, 0, 0, 7, 0, 0, 0, 0, 0, 0, 6, 0, 0, 0, 0] Ov: 13
out [0, 1, 1, 0, 0, 0, 3, 0, 3, 0, 0, 0, 3, 0, 0, 1, 0, 0, 0] Ov: 12
knew [0, 0, 0, 6, 0, 0, 0, 0, 0, 0, 0, 0, 0, 1, 0, 0, 5, 0, 0] Ov: 12
remember [0, 0, 0, 0, 9, 0, 0, 2, 0, 0, 0, 0, 0, 0, 1, 0, 0, 0, 0] Ov: 12
bet [0, 0, 0, 0, 0, 3, 9, 0, 0, 0, 0, 0, 0, 0, 0, 0, 0, 0, 0] Ov: 12
loving [0, 6, 0, 0, 0, 0, 0, 0, 5, 0, 0, 0, 0, 0, 0, 0, 0, 0, 0] Ov: 11
red [0, 6, 0, 0, 2, 0, 0, 0, 0, 0, 0, 0, 0, 0, 0, 0, 3, 0, 0] Ov: 11
see [0, 1, 0, 4, 0, 0, 0, 0, 0, 0, 1, 0, 0, 0, 2, 0, 0, 0, 3] Ov: 11
put [0, 0, 1, 3, 0, 0, 0, 0, 0, 5, 0, 0, 0, 0, 0, 1, 0, 1, 0] Ov: 11
long [0, 0, 1, 2, 3, 0, 2, 0, 0, 0, 0, 2, 0, 0, 0, 0, 0, 1, 0] Ov: 11
eye [0, 0, 2, 0, 0, 0, 0, 0, 0, 8, 0, 0, 0, 0, 0, 0, 1, 0, 0] Ov: 11
door [0, 0, 0, 0, 1, 0, 0, 0, 0, 3, 1, 0, 0, 4, 0, 0, 2, 0, 0] Ov: 11
break [0, 0, 0, 0, 1, 0, 0, 1, 0, 5, 0, 0, 0, 0, 0, 3, 0, 1, 0] Ov: 11
best [0, 0, 0, 0, 0, 1, 0, 0, 5, 1, 0, 0, 0, 0, 4, 0, 0, 0, 0] Ov: 11
beautiful [0, 0, 0, 0, 0, 0, 0, 0, 0, 0, 0, 10, 0, 1, 0, 0, 0, 0, 0] Ov: 11
go [2, 1, 0, 0, 0, 0, 0, 4, 0, 1, 1, 0, 0, 0, 0, 0, 0, 0, 1] Ov: 10
took [0, 0, 0, 1, 0, 0, 0, 0, 2, 0, 2, 0, 2, 0, 0, 1, 0, 2, 0] Ov: 10
walked [0, 0, 0, 6, 1, 0, 0, 0, 0, 0, 0, 0, 0, 0, 1, 2, 0, 0, 0] Ov: 10
wanna [0, 0, 0, 0, 0, 0, 0, 0, 0, 0, 4, 0, 0, 0, 0, 0, 1, 5, 0] Ov: 10
coming [4, 0, 0, 0, 0, 0, 0, 0, 0, 0, 0, 0, 0, 3, 0, 1, 0, 0, 1] Ov: 9
new [0, 2, 0, 1, 0, 0, 0, 0, 0, 0, 2, 0, 1, 1, 0, 0, 0, 2, 0] Ov: 9
cause [0, 0, 0, 3, 0, 0, 0, 1, 0, 0, 0, 0, 1, 0, 0, 3, 0, 1, 0] Ov: 9
little [0, 0, 0, 0, 2, 0, 0, 0, 0, 0, 0, 2, 0, 0, 0, 4, 1, 0, 0] Ov: 9
nights [0, 0, 0, 0, 1, 8, 0, 0, 0, 0, 0, 0, 0, 0, 0, 0, 0, 0, 0] Ov: 9
feels [0, 0, 0, 0, 0, 8, 0, 0, 0, 1, 0, 0, 0, 0, 0, 0, 0, 0, 0] Ov: 9
feeling [0, 0, 0, 0, 0, 3, 0, 0, 0, 0, 1, 0, 0, 1, 0, 0, 1, 3, 0] Ov: 9
whole [0, 0, 0, 0, 0, 3, 0, 0, 1, 0, 0, 0, 0, 0, 5, 0, 0, 0, 0] Ov: 9
friends [0, 0, 0, 0, 0, 0, 0, 8, 0, 0, 0, 0, 0, 0, 0, 0, 1, 0, 0] Ov: 9
eyes [1, 0, 0, 0, 0, 0, 0, 0, 0, 3, 0, 0, 0, 4, 0, 0, 0, 0, 0] Ov: 8
mind [0, 1, 3, 0, 0, 0, 0, 1, 0, 0, 0, 0, 0, 2, 0, 0, 0, 1, 0] Ov: 8
before [0, 1, 0, 0, 1, 0, 0, 0, 1, 4, 0, 0, 0, 1, 0, 0, 0, 0, 0] Ov: 8
forget [0, 0, 0, 0, 2, 2, 0, 0, 0, 0, 0, 0, 0, 0, 4, 0, 0, 0, 0] Ov: 8
call [0, 0, 0, 0, 1, 0, 3, 1, 0, 0, 0, 0, 0, 0, 0, 0, 1, 0, 2] Ov: 8
keep [0, 0, 0, 0, 1, 6, 0, 0, 0, 0, 0, 0, 0, 0, 1, 0, 0, 0, 0] Ov: 8
way [0, 0, 0, 0, 0, 1, 1, 0, 0, 0, 1, 0, 0, 0, 1, 0, 0, 4, 0] Ov: 8
room [2, 0, 0, 0, 0, 0, 0, 0, 1, 1, 2, 0, 0, 0, 0, 0, 1, 0, 0] Ov: 7
good [3, 0, 0, 0, 0, 0, 0, 0, 0, 0, 3, 1, 0, 0, 0, 0, 0, 0, 0] Ov: 7
trying [0, 5, 0, 0, 1, 0, 0, 0, 0, 0, 0, 0, 0, 0, 1, 0, 0, 0, 0] Ov: 7
still [0, 1, 0, 0, 2, 0, 2, 1, 0, 0, 0, 0, 1, 0, 0, 0, 0, 0, 0] Ov: 7
hope [0, 0, 3, 0, 0, 0, 4, 0, 0, 0, 0, 0, 0, 0, 0, 0, 0, 0, 0] Ov: 7
place [0, 0, 0, 0, 1, 1, 0, 0, 0, 0, 0, 0, 1, 0, 4, 0, 0, 0, 0] Ov: 7
looking [0, 0, 0, 0, 1, 0, 2, 0, 0, 0, 3, 0, 0, 0, 0, 0, 1, 0, 0] Ov: 7
gonna [0, 0, 0, 0, 0, 0, 0, 2, 1, 0, 4, 0, 0, 0, 0, 0, 0, 0, 0] Ov: 7
funny [0, 0, 0, 0, 0, 0, 0, 0, 4, 0, 0, 0, 0, 0, 0, 3, 0, 0, 0] Ov: 7
something [1, 0, 0, 0, 1, 0, 0, 0, 0, 0, 1, 0, 0, 2, 0, 0, 1, 0, 0] Ov: 6
known [0, 3, 0, 0, 1, 0, 0, 0, 0, 0, 0, 0, 0, 0, 0, 0, 0, 2, 0] Ov: 6
missing [0, 3, 0, 0, 0, 0, 0, 0, 0, 0, 0, 0, 0, 0, 0, 0, 3, 0, 0] Ov: 6
met [0, 3, 0, 1, 0, 0, 0, 0, 0, 0, 0, 0, 0, 0, 1, 1, 0, 0, 0] Ov: 6
mine [0, 0, 1, 0, 0, 0, 0, 1, 0, 1, 0, 0, 0, 3, 0, 0, 0, 0, 0] Ov: 6
away [0, 0, 2, 0, 0, 0, 0, 1, 1, 0, 1, 0, 0, 0, 0, 0, 0, 1, 0] Ov: 6
hard [0, 0, 0, 4, 0, 0, 2, 0, 0, 0, 0, 0, 0, 0, 0, 0, 0, 0, 0] Ov: 6
ground [0, 0, 0, 3, 0, 0, 0, 0, 0, 0, 3, 0, 0, 0, 0, 0, 0, 0, 0] Ov: 6
moved [0, 0, 0, 1, 0, 0, 1, 0, 0, 0, 0, 0, 0, 0, 4, 0, 0, 0, 0] Ov: 6
thing [0, 0, 0, 0, 2, 0, 0, 0, 0, 0, 0, 0, 0, 0, 0, 0, 3, 0, 1] Ov: 6
quite [0, 0, 0, 0, 0, 0, 1, 0, 5, 0, 0, 0, 0, 0, 0, 0, 0, 0, 0] Ov: 6
tonight [0, 0, 0, 0, 0, 0, 0, 1, 0, 0, 4, 0, 0, 1, 0, 0, 0, 0, 0] Ov: 6
both [0, 0, 0, 0, 0, 0, 0, 0, 5, 0, 0, 1, 0, 0, 0, 0, 0, 0, 0] Ov: 6
laughing [0, 0, 0, 0, 0, 0, 0, 0, 1, 0, 0, 0, 0, 0, 0, 3, 2, 0, 0] Ov: 6
sad [0, 0, 0, 0, 0, 0, 0, 0, 0, 0, 0, 5, 0, 0, 0, 0, 0, 0, 1] Ov: 6
dream [0, 0, 0, 0, 0, 0, 0, 0, 0, 0, 0, 0, 1, 0, 5, 0, 0, 0, 0] Ov: 6
feel [0, 0, 0, 0, 0, 0, 0, 0, 0, 0, 0, 0, 2, 3, 0, 0, 0, 0, 1] Ov: 6
lights [1, 0, 0, 0, 0, 0, 0, 0, 0, 0, 0, 0, 3, 0, 0, 0, 1, 0, 0] Ov: 5
fall [1, 1, 0, 0, 0, 1, 0, 0, 0, 0, 0, 0, 0, 0, 0, 0, 1, 1, 0] Ov: 5
till [1, 0, 1, 3, 0, 0, 0, 0, 0, 0, 0, 0, 0, 0, 0, 0, 0, 0, 0] Ov: 5
same [4, 0, 0, 0, 0, 1, 0, 0, 0, 0, 0, 0, 0, 0, 0, 0, 0, 0, 0] Ov: 5
around [1, 0, 0, 0, 0, 0, 0, 1, 0, 0, 0, 0, 0, 0, 0, 0, 2, 1, 0] Ov: 5
don’t [1, 0, 0, 0, 0, 0, 3, 0, 0, 0, 0, 0, 1, 0, 0, 0, 0, 0, 0] Ov: 5
blue [1, 3, 0, 0, 0, 0, 0, 0, 0, 0, 0, 0, 0, 1, 0, 0, 0, 0, 0] Ov: 5
lose [0, 1, 0, 0, 0, 0, 0, 0, 0, 0, 1, 0, 0, 0, 0, 0, 0, 0, 3] Ov: 5
found [0, 1, 0, 3, 0, 0, 0, 0, 0, 0, 0, 0, 0, 1, 0, 0, 0, 0, 0] Ov: 5
gotta [0, 1, 0, 0, 0, 4, 0, 0, 0, 0, 0, 0, 0, 0, 0, 0, 0, 0, 0] Ov: 5
impossible [0, 1, 0, 0, 0, 0, 0, 0, 0, 0, 0, 0, 0, 0, 4, 0, 0, 0, 0] Ov: 5
head [0, 2, 0, 0, 0, 0, 0, 0, 0, 0, 0, 0, 0, 0, 0, 3, 0, 0, 0] Ov: 5
much [0, 0, 1, 0, 1, 0, 0, 1, 0, 0, 0, 0, 0, 0, 1, 0, 0, 1, 0] Ov: 5
guess [0, 0, 0, 2, 0, 0, 0, 0, 0, 0, 1, 0, 0, 0, 0, 0, 0, 2, 0] Ov: 5
telling [0, 0, 0, 0, 1, 0, 0, 4, 0, 0, 0, 0, 0, 0, 0, 0, 0, 0, 0] Ov: 5
thinking [0, 0, 0, 0, 1, 0, 0, 0, 0, 0, 0, 0, 0, 0, 1, 3, 0, 0, 0] Ov: 5
things [0, 0, 0, 0, 1, 0, 0, 0, 0, 0, 0, 0, 1, 0, 3, 0, 0, 0, 0] Ov: 5
first [0, 0, 0, 0, 1, 0, 0, 1, 0, 0, 2, 0, 0, 0, 0, 1, 0, 0, 0] Ov: 5
dress [0, 0, 0, 0, 0, 1, 0, 0, 0, 0, 1, 0, 0, 0, 0, 0, 3, 0, 0] Ov: 5
make [0, 0, 0, 0, 0, 1, 0, 0, 0, 0, 0, 0, 2, 0, 0, 0, 1, 0, 1] Ov: 5
happy [0, 0, 0, 0, 0, 2, 0, 0, 0, 0, 0, 0, 0, 0, 0, 0, 3, 0, 0] Ov: 5
end [0, 0, 0, 0, 0, 1, 0, 0, 0, 0, 0, 0, 1, 0, 0, 3, 0, 0, 0] Ov: 5
hello [0, 0, 0, 0, 0, 0, 1, 0, 0, 0, 0, 0, 0, 4, 0, 0, 0, 0, 0] Ov: 5
dreams [0, 0, 0, 0, 0, 0, 1, 0, 1, 0, 0, 1, 0, 0, 2, 0, 0, 0, 0] Ov: 5
face [0, 0, 0, 0, 0, 0, 1, 0, 0, 0, 1, 1, 0, 1, 0, 0, 1, 0, 0] Ov: 5
miss [0, 0, 0, 0, 0, 0, 0, 2, 0, 0, 0, 0, 0, 0, 0, 0, 0, 3, 0] Ov: 5
stood [0, 0, 0, 0, 0, 0, 0, 0, 0, 0, 3, 1, 0, 1, 0, 0, 0, 0, 0] Ov: 5
street [0, 2, 0, 1, 1, 0, 0, 0, 0, 0, 0, 0, 0, 0, 0, 0, 0, 0, 0] Ov: 4
once [0, 1, 0, 1, 0, 0, 0, 0, 0, 0, 0, 0, 0, 0, 0, 0, 0, 0, 2] Ov: 4
wanted [0, 1, 0, 0, 0, 3, 0, 0, 0, 0, 0, 0, 0, 0, 0, 0, 0, 0, 0] Ov: 4
walk [0, 0, 1, 0, 1, 0, 0, 0, 0, 0, 0, 0, 0, 0, 0, 1, 1, 0, 0] Ov: 4
nothing [0, 0, 3, 0, 1, 0, 0, 0, 0, 0, 0, 0, 0, 0, 0, 0, 0, 0, 0] Ov: 4
without [0, 0, 0, 3, 0, 0, 0, 0, 0, 0, 0, 0, 0, 0, 0, 0, 0, 1, 0] Ov: 4
gone [0, 0, 0, 2, 2, 0, 0, 0, 0, 0, 0, 0, 0, 0, 0, 0, 0, 0, 0] Ov: 4
next [0, 0, 0, 1, 0, 3, 0, 0, 0, 0, 0, 0, 0, 0, 0, 0, 0, 0, 0] Ov: 4
lying [0, 0, 0, 3, 1, 0, 0, 0, 0, 0, 0, 0, 0, 0, 0, 0, 0, 0, 0] Ov: 4
cold [0, 0, 0, 3, 1, 0, 0, 0, 0, 0, 0, 0, 0, 0, 0, 0, 0, 0, 0] Ov: 4
lost [0, 0, 0, 0, 3, 0, 0, 0, 0, 0, 0, 0, 0, 1, 0, 0, 0, 0, 0] Ov: 4
falling [0, 0, 0, 0, 1, 0, 0, 1, 0, 0, 0, 0, 0, 0, 0, 0, 0, 2, 0] Ov: 4
fine [0, 0, 0, 0, 1, 0, 0, 0, 0, 0, 0, 0, 0, 0, 0, 0, 0, 0, 3] Ov: 4
used [0, 0, 0, 0, 1, 0, 0, 2, 0, 0, 0, 0, 1, 0, 0, 0, 0, 0, 0] Ov: 4
kid [0, 0, 0, 0, 1, 0, 0, 0, 0, 0, 0, 0, 0, 0, 0, 3, 0, 0, 0] Ov: 4
find [0, 0, 0, 0, 1, 0, 0, 1, 0, 2, 0, 0, 0, 0, 0, 0, 0, 0, 0] Ov: 4
city [0, 0, 0, 0, 0, 0, 2, 0, 0, 0, 1, 0, 1, 0, 0, 0, 0, 0, 0] Ov: 4
wonder [0, 0, 0, 0, 0, 0, 2, 0, 0, 0, 1, 0, 1, 0, 0, 0, 0, 0, 0] Ov: 4
wish [0, 0, 0, 0, 0, 0, 3, 0, 0, 0, 0, 0, 0, 0, 0, 0, 0, 1, 0] Ov: 4
try [0, 0, 0, 0, 0, 0, 1, 0, 0, 0, 0, 2, 0, 0, 0, 0, 1, 0, 0] Ov: 4
day [0, 0, 0, 0, 0, 0, 0, 1, 0, 0, 2, 0, 0, 0, 0, 0, 0, 1, 0] Ov: 4
phone [0, 0, 0, 0, 0, 0, 0, 0, 1, 0, 0, 0, 0, 0, 0, 0, 0, 0, 3] Ov: 4
turn [0, 0, 0, 0, 0, 0, 0, 0, 1, 0, 0, 0, 0, 0, 0, 1, 0, 0, 2] Ov: 4
times [0, 0, 0, 0, 0, 0, 0, 0, 1, 3, 0, 0, 0, 0, 0, 0, 0, 0, 0] Ov: 4
take [0, 0, 0, 0, 0, 0, 0, 0, 0, 0, 0, 0, 1, 2, 0, 0, 0, 0, 1] Ov: 4
simple [0, 0, 0, 0, 0, 0, 0, 0, 0, 0, 0, 0, 0, 3, 0, 0, 0, 1, 0] Ov: 4
party [0, 0, 0, 0, 0, 0, 0, 0, 0, 0, 0, 0, 0, 0, 1, 0, 3, 0, 0] Ov: 4
strange [0, 0, 0, 0, 0, 0, 0, 0, 0, 0, 0, 0, 0, 0, 0, 3, 0, 1, 0] Ov: 4
busy [2, 0, 0, 0, 0, 0, 0, 0, 0, 0, 0, 0, 0, 0, 0, 0, 0, 1, 0] Ov: 3
loved [1, 0, 0, 1, 1, 0, 0, 0, 0, 0, 0, 0, 0, 0, 0, 0, 0, 0, 0] Ov: 3
wrong [1, 0, 0, 0, 0, 0, 0, 0, 0, 1, 0, 0, 0, 0, 0, 0, 1, 0, 0] Ov: 3
wild [1, 0, 0, 0, 0, 0, 0, 0, 0, 0, 0, 0, 0, 0, 2, 0, 0, 0, 0] Ov: 3
grace [2, 0, 0, 0, 0, 0, 0, 0, 0, 0, 0, 0, 0, 1, 0, 0, 0, 0, 0] Ov: 3
fight [2, 0, 0, 0, 0, 0, 0, 0, 1, 0, 0, 0, 0, 0, 0, 0, 0, 0, 0] Ov: 3
play [2, 0, 0, 0, 0, 0, 0, 0, 0, 0, 0, 0, 0, 0, 0, 0, 0, 1, 0] Ov: 3
faster [0, 1, 0, 0, 0, 0, 0, 0, 0, 0, 1, 0, 0, 0, 0, 0, 0, 1, 0] Ov: 3
wind [0, 1, 0, 0, 2, 0, 0, 0, 0, 0, 0, 0, 0, 0, 0, 0, 0, 0, 0] Ov: 3
free [0, 1, 0, 0, 0, 2, 0, 0, 0, 0, 0, 0, 0, 0, 0, 0, 0, 0, 0] Ov: 3
front [0, 1, 0, 0, 0, 0, 0, 0, 0, 0, 0, 0, 1, 0, 0, 0, 1, 0, 0] Ov: 3
old [0, 1, 0, 0, 2, 0, 0, 0, 0, 0, 0, 0, 0, 0, 0, 0, 0, 0, 0] Ov: 3
song [0, 1, 0, 0, 0, 0, 0, 0, 0, 0, 0, 0, 0, 0, 1, 1, 0, 0, 0] Ov: 3
comes [0, 2, 0, 1, 0, 0, 0, 0, 0, 0, 0, 0, 0, 0, 0, 0, 0, 0, 0] Ov: 3
myself [0, 1, 0, 0, 0, 0, 0, 0, 0, 1, 0, 0, 0, 0, 0, 0, 0, 1, 0] Ov: 3
spinning [0, 1, 0, 0, 0, 0, 0, 0, 0, 0, 1, 0, 0, 0, 0, 0, 0, 1, 0] Ov: 3
anything [0, 0, 1, 1, 0, 0, 0, 0, 0, 0, 0, 0, 0, 0, 0, 0, 0, 1, 0] Ov: 3
even [0, 0, 0, 0, 1, 0, 0, 0, 0, 0, 0, 0, 1, 0, 0, 0, 0, 0, 1] Ov: 3
singing [0, 0, 0, 0, 1, 0, 0, 0, 0, 0, 0, 0, 0, 0, 1, 0, 1, 0, 0] Ov: 3
days [0, 0, 0, 0, 2, 0, 0, 0, 0, 0, 0, 0, 0, 1, 0, 0, 0, 0, 0] Ov: 3
past [0, 0, 0, 0, 1, 0, 0, 0, 0, 0, 0, 0, 0, 0, 0, 2, 0, 0, 0] Ov: 3
week [0, 0, 0, 0, 1, 0, 2, 0, 0, 0, 0, 0, 0, 0, 0, 0, 0, 0, 0] Ov: 3
perfect [0, 0, 0, 0, 0, 2, 0, 0, 0, 0, 1, 0, 0, 0, 0, 0, 0, 0, 0] Ov: 3
confused [0, 0, 0, 0, 0, 2, 0, 0, 0, 0, 0, 0, 1, 0, 0, 0, 0, 0, 0] Ov: 3
lonely [0, 0, 0, 0, 0, 2, 0, 0, 0, 0, 0, 1, 0, 0, 0, 0, 0, 0, 0] Ov: 3
many [0, 0, 0, 0, 0, 1, 0, 0, 0, 0, 0, 0, 0, 0, 0, 1, 0, 0, 1] Ov: 3
news [0, 0, 0, 0, 0, 2, 0, 0, 0, 0, 0, 0, 1, 0, 0, 0, 0, 0, 0] Ov: 3
chair [0, 0, 0, 0, 0, 0, 2, 0, 0, 0, 0, 0, 0, 0, 0, 1, 0, 0, 0] Ov: 3
window [0, 0, 0, 0, 0, 0, 2, 0, 0, 0, 0, 0, 0, 0, 1, 0, 0, 0, 0] Ov: 3
sometimes [0, 0, 0, 0, 0, 0, 2, 0, 0, 0, 1, 0, 0, 0, 0, 0, 0, 0, 0] Ov: 3
another [0, 0, 0, 0, 0, 0, 1, 0, 0, 0, 0, 0, 2, 0, 0, 0, 0, 0, 0] Ov: 3
pretty [0, 0, 0, 0, 0, 0, 0, 0, 1, 0, 0, 0, 2, 0, 0, 0, 0, 0, 0] Ov: 3
sure [0, 0, 0, 0, 0, 0, 0, 0, 1, 1, 0, 0, 0, 0, 0, 0, 0, 0, 1] Ov: 3
leave [0, 0, 0, 0, 0, 0, 0, 0, 2, 1, 0, 0, 0, 0, 0, 0, 0, 0, 0] Ov: 3
always [0, 0, 0, 0, 0, 0, 0, 0, 1, 0, 0, 0, 0, 0, 0, 1, 1, 0, 0] Ov: 3
life [0, 0, 0, 0, 0, 0, 0, 0, 1, 0, 0, 1, 0, 0, 1, 0, 0, 0, 0] Ov: 3
york [0, 0, 0, 0, 0, 0, 0, 0, 0, 0, 1, 0, 0, 0, 0, 0, 0, 2, 0] Ov: 3
darling [0, 0, 0, 0, 0, 0, 0, 0, 0, 0, 2, 1, 0, 0, 0, 0, 0, 0, 0] Ov: 3
need [0, 0, 0, 0, 0, 0, 0, 0, 0, 0, 1, 0, 0, 0, 0, 0, 0, 2, 0] Ov: 3
late [0, 0, 0, 0, 0, 0, 0, 0, 0, 0, 0, 1, 0, 0, 1, 1, 0, 0, 0] Ov: 3
streets [1, 0, 0, 0, 0, 0, 0, 0, 0, 0, 0, 0, 0, 0, 0, 0, 0, 1, 0] Ov: 2
touch [1, 0, 1, 0, 0, 0, 0, 0, 0, 0, 0, 0, 0, 0, 0, 0, 0, 0, 0] Ov: 2
ball [1, 0, 0, 0, 1, 0, 0, 0, 0, 0, 0, 0, 0, 0, 0, 0, 0, 0, 0] Ov: 2
hands [1, 0, 1, 0, 0, 0, 0, 0, 0, 0, 0, 0, 0, 0, 0, 0, 0, 0, 0] Ov: 2
real [1, 0, 0, 0, 1, 0, 0, 0, 0, 0, 0, 0, 0, 0, 0, 0, 0, 0, 0] Ov: 2
change [0, 1, 0, 0, 0, 0, 0, 0, 0, 0, 0, 0, 0, 0, 1, 0, 0, 0, 0] Ov: 2
already [0, 1, 0, 0, 0, 0, 0, 0, 0, 0, 1, 0, 0, 0, 0, 0, 0, 0, 0] Ov: 2
autumn [0, 1, 0, 0, 1, 0, 0, 0, 0, 0, 0, 0, 0, 0, 0, 0, 0, 0, 0] Ov: 2
touching [0, 1, 0, 0, 0, 0, 1, 0, 0, 0, 0, 0, 0, 0, 0, 0, 0, 0, 0] Ov: 2
knowing [0, 1, 0, 0, 0, 0, 0, 0, 0, 0, 0, 0, 0, 0, 0, 0, 0, 1, 0] Ov: 2
words [0, 1, 0, 0, 0, 0, 0, 0, 0, 0, 0, 1, 0, 0, 0, 0, 0, 0, 0] Ov: 2
fighting [0, 1, 0, 0, 0, 0, 0, 0, 0, 0, 0, 1, 0, 0, 0, 0, 0, 0, 0] Ov: 2
close [0, 0, 1, 0, 0, 0, 0, 0, 0, 0, 0, 0, 0, 0, 0, 0, 1, 0, 0] Ov: 2
choice [0, 0, 1, 0, 0, 0, 0, 0, 1, 0, 0, 0, 0, 0, 0, 0, 0, 0, 0] Ov: 2
sound [0, 0, 1, 0, 0, 0, 0, 0, 0, 0, 1, 0, 0, 0, 0, 0, 0, 0, 0] Ov: 2
along [0, 0, 1, 0, 0, 0, 0, 0, 0, 1, 0, 0, 0, 0, 0, 0, 0, 0, 0] Ov: 2
forever [0, 0, 1, 0, 0, 0, 0, 1, 0, 0, 0, 0, 0, 0, 0, 0, 0, 0, 0] Ov: 2
few [0, 0, 0, 1, 0, 0, 0, 0, 0, 0, 0, 0, 1, 0, 0, 0, 0, 0, 0] Ov: 2
ago [0, 0, 0, 1, 0, 0, 0, 0, 0, 0, 0, 0, 0, 1, 0, 0, 0, 0, 0] Ov: 2
fell [0, 0, 0, 1, 0, 0, 0, 0, 0, 0, 1, 0, 0, 0, 0, 0, 0, 0, 0] Ov: 2
joke [0, 0, 0, 1, 0, 0, 0, 0, 0, 0, 1, 0, 0, 0, 0, 0, 0, 0, 0] Ov: 2
hey [0, 0, 0, 1, 0, 0, 0, 0, 0, 0, 1, 0, 0, 0, 0, 0, 0, 0, 0] Ov: 2
felt [0, 0, 0, 0, 1, 0, 0, 0, 0, 0, 0, 0, 0, 0, 0, 0, 1, 0, 0] Ov: 2
left [0, 0, 0, 0, 1, 0, 0, 0, 0, 0, 1, 0, 0, 0, 0, 0, 0, 0, 0] Ov: 2
sweet [0, 0, 0, 0, 1, 0, 0, 0, 0, 0, 0, 1, 0, 0, 0, 0, 0, 0, 0] Ov: 2
car [0, 0, 0, 0, 1, 0, 0, 0, 0, 0, 0, 0, 0, 0, 0, 1, 0, 0, 0] Ov: 2
okay [0, 0, 0, 0, 1, 0, 0, 0, 1, 0, 0, 0, 0, 0, 0, 0, 0, 0, 0] Ov: 2
town [0, 0, 0, 0, 1, 0, 0, 0, 0, 0, 0, 0, 1, 0, 0, 0, 0, 0, 0] Ov: 2
over [0, 0, 0, 0, 1, 0, 0, 0, 0, 0, 0, 0, 1, 0, 0, 0, 0, 0, 0] Ov: 2
stories [0, 0, 0, 0, 1, 0, 0, 0, 0, 0, 0, 0, 0, 0, 0, 1, 0, 0, 0] Ov: 2
needed [0, 0, 0, 0, 1, 0, 0, 1, 0, 0, 0, 0, 0, 0, 0, 0, 0, 0, 0] Ov: 2
light [0, 0, 0, 0, 1, 0, 0, 0, 0, 0, 1, 0, 0, 0, 0, 0, 0, 0, 0] Ov: 2
running [0, 0, 0, 0, 1, 0, 0, 0, 0, 0, 0, 0, 0, 0, 1, 0, 0, 0, 0] Ov: 2
piece [0, 0, 0, 0, 1, 0, 0, 1, 0, 0, 0, 0, 0, 0, 0, 0, 0, 0, 0] Ov: 2
self [0, 0, 0, 0, 1, 0, 0, 0, 1, 0, 0, 0, 0, 0, 0, 0, 0, 0, 0] Ov: 2
fun [0, 0, 0, 0, 0, 1, 0, 0, 1, 0, 0, 0, 0, 0, 0, 0, 0, 0, 0] Ov: 2
cool [0, 0, 0, 0, 0, 1, 0, 0, 0, 0, 0, 0, 1, 0, 0, 0, 0, 0, 0] Ov: 2
kids [0, 0, 0, 0, 0, 1, 0, 0, 0, 0, 0, 0, 0, 0, 1, 0, 0, 0, 0] Ov: 2
taylor [0, 0, 0, 0, 0, 1, 0, 0, 0, 0, 0, 0, 0, 0, 0, 1, 0, 0, 0] Ov: 2
hate [0, 0, 0, 0, 0, 0, 1, 1, 0, 0, 0, 0, 0, 0, 0, 0, 0, 0, 0] Ov: 2
‘cause [0, 0, 0, 0, 0, 0, 1, 0, 0, 0, 0, 0, 1, 0, 0, 0, 0, 0, 0] Ov: 2
each [0, 0, 0, 0, 0, 0, 1, 1, 0, 0, 0, 0, 0, 0, 0, 0, 0, 0, 0] Ov: 2
goodbye [0, 0, 0, 0, 0, 0, 1, 0, 0, 0, 0, 0, 0, 0, 0, 0, 0, 1, 0] Ov: 2
it’s [0, 0, 0, 0, 0, 0, 1, 0, 0, 0, 0, 0, 1, 0, 0, 0, 0, 0, 0] Ov: 2
baby [0, 0, 0, 0, 0, 0, 1, 1, 0, 0, 0, 0, 0, 0, 0, 0, 0, 0, 0] Ov: 2
broke [0, 0, 0, 0, 0, 0, 0, 1, 1, 0, 0, 0, 0, 0, 0, 0, 0, 0, 0] Ov: 2
saying [0, 0, 0, 0, 0, 0, 0, 1, 0, 0, 0, 0, 0, 0, 1, 0, 0, 0, 0] Ov: 2
seen [0, 0, 0, 0, 0, 0, 0, 1, 0, 0, 0, 0, 0, 1, 0, 0, 0, 0, 0] Ov: 2
really [0, 0, 0, 0, 0, 0, 0, 1, 0, 0, 0, 0, 0, 0, 0, 0, 1, 0, 0] Ov: 2
hide [0, 0, 0, 0, 0, 0, 0, 1, 0, 1, 0, 0, 0, 0, 0, 0, 0, 0, 0] Ov: 2
mean [0, 0, 0, 0, 0, 0, 0, 1, 0, 0, 0, 1, 0, 0, 0, 0, 0, 0, 0] Ov: 2
expecting [0, 0, 0, 0, 0, 0, 0, 0, 1, 0, 0, 0, 0, 0, 0, 1, 0, 0, 0] Ov: 2
morning [0, 0, 0, 0, 0, 0, 0, 0, 1, 0, 0, 0, 0, 1, 0, 0, 0, 0, 0] Ov: 2
hopes [0, 0, 0, 0, 0, 0, 0, 0, 1, 0, 0, 0, 0, 1, 0, 0, 0, 0, 0] Ov: 2
hang [0, 0, 0, 0, 0, 0, 0, 0, 1, 0, 0, 1, 0, 0, 0, 0, 0, 0, 0] Ov: 2
open [0, 0, 0, 0, 0, 0, 0, 0, 0, 1, 0, 0, 0, 1, 0, 0, 0, 0, 0] Ov: 2
green [0, 0, 0, 0, 0, 0, 0, 0, 0, 0, 1, 0, 0, 1, 0, 0, 0, 0, 0] Ov: 2
skip [0, 0, 0, 0, 0, 0, 0, 0, 0, 0, 1, 0, 0, 0, 1, 0, 0, 0, 0] Ov: 2
conversation [0, 0, 0, 0, 0, 0, 0, 0, 0, 0, 1, 1, 0, 0, 0, 0, 0, 0, 0] Ov: 2
note [0, 0, 0, 0, 0, 0, 0, 0, 0, 0, 1, 1, 0, 0, 0, 0, 0, 0, 0] Ov: 2
big [0, 0, 0, 0, 0, 0, 0, 0, 0, 0, 1, 0, 1, 0, 0, 0, 0, 0, 0] Ov: 2
apart [0, 0, 0, 0, 0, 0, 0, 0, 0, 0, 1, 0, 0, 0, 0, 0, 1, 0, 0] Ov: 2
dust [0, 0, 0, 0, 0, 0, 0, 0, 0, 0, 1, 0, 0, 1, 0, 0, 0, 0, 0] Ov: 2
page [0, 0, 0, 0, 0, 0, 0, 0, 0, 0, 1, 0, 1, 0, 0, 0, 0, 0, 0] Ov: 2
deep [0, 0, 0, 0, 0, 0, 0, 0, 0, 0, 0, 1, 0, 0, 0, 1, 0, 0, 0] Ov: 2
meet [0, 0, 0, 0, 0, 0, 0, 0, 0, 0, 0, 1, 0, 1, 0, 0, 0, 0, 0] Ov: 2
taking [0, 0, 0, 0, 0, 0, 0, 0, 0, 0, 0, 1, 0, 1, 0, 0, 0, 0, 0] Ov: 2
kiss [0, 0, 0, 0, 0, 0, 0, 0, 0, 0, 0, 1, 0, 0, 0, 0, 0, 1, 0] Ov: 2
later [0, 0, 0, 0, 0, 0, 0, 0, 0, 0, 0, 0, 1, 0, 0, 0, 1, 0, 0] Ov: 2
understand [0, 0, 0, 0, 0, 0, 0, 0, 0, 0, 0, 0, 1, 0, 0, 0, 0, 0, 1] Ov: 2
hours [0, 0, 0, 0, 0, 0, 0, 0, 0, 0, 0, 0, 0, 1, 0, 0, 1, 0, 0] Ov: 2
smile [0, 0, 0, 0, 0, 0, 0, 0, 0, 0, 0, 0, 0, 1, 0, 0, 1, 0, 0] Ov: 2
kind [0, 0, 0, 0, 0, 0, 0, 0, 0, 0, 0, 0, 0, 1, 0, 0, 0, 0, 1] Ov: 2
flight [0, 0, 0, 0, 0, 0, 0, 0, 0, 0, 0, 0, 0, 1, 0, 0, 0, 1, 0] Ov: 2
help [0, 0, 0, 0, 0, 0, 0, 0, 0, 0, 0, 0, 0, 0, 0, 1, 0, 1, 0] Ov: 2
christmas [0, 0, 0, 0, 0, 0, 0, 0, 0, 0, 0, 0, 0, 0, 0, 1, 1, 0, 0] Ov: 2

944 different words out of 6319 (14%)
title, by artist
# State Of Grace
	Total words: 231
	Unique words: 106 (45%)
	Not stop words: 116 (50%)
	Top 5 words: [('never', 9), ('love', 4), ('saw', 4), ('coming', 4), ('i’ll', 4)]
# Red
	Total words: 274
	Unique words: 124 (45%)
	Not stop words: 137 (50%)
	Top 5 words: [('never', 7), ('loving', 6), ('red', 6), ('trying', 5), ('losing', 3)]
# Treacherous
	Total words: 332
	Unique words: 101 (30%)
	Not stop words: 150 (45%)
	Top 5 words: [('follow', 16), ('treacherous', 9), ('home', 8), ('i-i-i', 7), ('slope', 6)]
# I Knew You Were Trouble
	Total words: 361
	Unique words: 99 (27%)
	Not stop words: 175 (48%)
	Top 5 words: [('trouble', 24), ('oh', 15), ('now', 12), ('never', 8), ('knew', 6)]
# All Too Well
	Total words: 464
	Unique words: 201 (43%)
	Not stop words: 190 (40%)
	Top 5 words: [('remember', 9), ('well', 7), ('again', 5), ('lost', 3), ('down', 3)]
# 22
	Total words: 377
	Unique words: 99 (26%)
	Not stop words: 182 (48%)
	Top 5 words: [('uh', 13), ('22', 13), ('feels', 8), ('one', 8), ('nights', 8)]
# I Almost Do
	Total words: 277
	Unique words: 96 (34%)
	Not stop words: 117 (42%)
	Top 5 words: [('bet', 9), ('you’re', 7), ('want', 4), ('hope', 4), ('time', 3)]
# We Are Never Ever Getting Back Together
	Total words: 357
	Unique words: 111 (31%)
	Not stop words: 161 (45%)
	Top 5 words: [('never', 15), ('getting', 13), ('back', 13), ('together', 13), ('talk', 12)]
# Stay Stay Stay
	Total words: 332
	Unique words: 117 (35%)
	Not stop words: 156 (46%)
	Top 5 words: [('stay', 32), ('time', 15), ('mad', 15), ('think', 9), ('loving', 5)]
# The Last Time
	Total words: 438
	Unique words: 95 (21%)
	Not stop words: 183 (41%)
	Top 5 words: [('last', 26), ('time', 26), ('asking', 22), ('eye', 8), ('oh-ho', 8)]
# Holy Ground
	Total words: 280
	Unique words: 124 (44%)
	Not stop words: 127 (45%)
	Top 5 words: [('dance', 8), ('tonight', 4), ('gonna', 4), ('wanna', 4), ('dancing', 4)]
# Sad Beautiful Tragic
	Total words: 183
	Unique words: 94 (51%)
	Not stop words: 98 (53%)
	Top 5 words: [('beautiful', 10), ('love', 10), ('magic', 5), ('sad', 5), ('tragic', 5)]
# The Lucky One
	Total words: 335
	Unique words: 129 (38%)
	Not stop words: 203 (60%)
	Top 5 words: [('now', 15), ('oh', 15), ('tell', 14), ('you’re', 14), ('lucky', 13)]
# Everything Has Changed
	Total words: 444
	Unique words: 105 (23%)
	Not stop words: 206 (46%)
	Top 5 words: [('know', 50), ('better', 21), ('want', 10), ('now', 9), ('everything', 8)]
# Starlight
	Total words: 331
	Unique words: 107 (32%)
	Not stop words: 161 (48%)
	Top 5 words: [('starlight', 22), ('dancing', 9), ('made', 9), ('night', 6), ('ooh', 6)]
# Begin Again
	Total words: 336
	Unique words: 128 (38%)
	Not stop words: 143 (42%)
	Top 5 words: [('think', 6), ('little', 4), ('never', 4), ('wednesday', 4), ('cafe', 4)]
# The Moment I Knew
	Total words: 342
	Unique words: 138 (40%)
	Not stop words: 142 (41%)
	Top 5 words: [('one', 8), ('knew', 5), ('here', 4), ('standing', 4), ('moment', 4)]
# Come Back... Be Here
	Total words: 267
	Unique words: 115 (43%)
	Not stop words: 125 (46%)
	Top 5 words: [('back', 12), ('here', 11), ('come', 10), ('wanna', 5), ('way', 4)]
# Girl At Home
	Total words: 358
	Unique words: 106 (29%)
	Not stop words: 145 (40%)
	Top 5 words: [('everybody', 18), ('knows', 18), ('girl', 12), ('home', 10), ('look', 9)]
