OVERALL:
made [0, 2, 0, 7, 0, 40, 0, 1, 0, 1, 0, 2, 0, 0, 0] Ov: 53
want [0, 0, 0, 0, 4, 0, 0, 0, 0, 3, 0, 6, 0, 33, 3] Ov: 49
call [0, 1, 0, 1, 0, 0, 0, 0, 0, 0, 0, 0, 1, 43, 0] Ov: 46
look [0, 0, 1, 0, 2, 39, 0, 3, 0, 0, 0, 0, 0, 1, 0] Ov: 46
oh [1, 1, 1, 10, 1, 5, 1, 0, 3, 1, 9, 6, 0, 0, 0] Ov: 39
wanna [0, 35, 0, 0, 1, 0, 0, 1, 0, 0, 0, 0, 0, 0, 0] Ov: 37
up [0, 1, 14, 0, 2, 2, 5, 0, 0, 2, 0, 4, 1, 3, 3] Ov: 37
ooh [0, 8, 0, 0, 0, 10, 0, 0, 0, 17, 0, 0, 0, 0, 0] Ov: 35
time [5, 0, 0, 12, 1, 4, 0, 0, 1, 0, 6, 2, 0, 1, 0] Ov: 32
know [7, 3, 0, 0, 8, 0, 7, 1, 0, 0, 2, 2, 0, 2, 0] Ov: 32
bad [0, 4, 10, 0, 0, 4, 6, 0, 0, 0, 7, 0, 0, 0, 0] Ov: 31
first [2, 9, 0, 1, 0, 0, 0, 0, 11, 0, 7, 0, 0, 0, 0] Ov: 30
baby [7, 0, 0, 12, 0, 0, 6, 0, 0, 2, 1, 0, 2, 0, 0] Ov: 30
yeah [0, 7, 0, 0, 4, 0, 0, 1, 0, 0, 10, 0, 0, 8, 0] Ov: 30
never [5, 1, 3, 0, 4, 0, 0, 0, 8, 5, 0, 0, 0, 1, 0] Ov: 27
one [4, 2, 3, 0, 0, 1, 0, 0, 0, 7, 1, 1, 0, 7, 0] Ov: 26
take [3, 0, 0, 0, 0, 0, 0, 2, 0, 0, 1, 16, 4, 0, 0] Ov: 26
good [0, 1, 20, 0, 0, 0, 0, 0, 4, 0, 0, 0, 0, 0, 0] Ov: 25
hands [0, 0, 0, 0, 1, 0, 0, 0, 0, 0, 18, 5, 0, 0, 0] Ov: 24
hold [0, 1, 0, 0, 0, 0, 0, 0, 0, 0, 2, 0, 0, 0, 20] Ov: 23
things [3, 0, 0, 0, 1, 0, 3, 0, 0, 0, 0, 0, 14, 0, 0] Ov: 21
now [4, 1, 1, 1, 3, 1, 6, 0, 1, 1, 0, 2, 0, 0, 0] Ov: 21
once [0, 0, 0, 1, 0, 3, 0, 0, 0, 17, 0, 0, 0, 0, 0] Ov: 21
whoa [0, 3, 0, 0, 0, 0, 0, 0, 0, 17, 0, 0, 0, 0, 0] Ov: 20
waiting [0, 0, 0, 0, 0, 0, 0, 0, 0, 18, 0, 2, 0, 0, 0] Ov: 20
feel [0, 0, 12, 0, 0, 0, 2, 4, 0, 0, 0, 0, 0, 0, 0] Ov: 18
love [1, 3, 2, 7, 0, 0, 0, 0, 1, 1, 2, 0, 0, 0, 0] Ov: 17
down [3, 1, 0, 0, 0, 0, 5, 0, 0, 0, 2, 0, 0, 3, 2] Ov: 16
big [0, 14, 0, 0, 0, 0, 0, 0, 0, 0, 0, 0, 1, 0, 0] Ov: 15
make [0, 0, 1, 0, 6, 0, 3, 4, 0, 0, 0, 0, 0, 1, 0] Ov: 15
think [0, 0, 1, 0, 1, 1, 0, 2, 6, 0, 0, 0, 4, 0, 0] Ov: 15
light [0, 0, 14, 0, 0, 0, 0, 0, 1, 0, 0, 0, 0, 0, 0] Ov: 15
right [0, 0, 0, 8, 0, 1, 3, 0, 0, 0, 0, 0, 0, 3, 0] Ov: 15
face [0, 0, 0, 1, 0, 0, 3, 6, 1, 0, 2, 1, 1, 0, 0] Ov: 15
back [0, 0, 0, 0, 2, 0, 4, 4, 0, 0, 0, 2, 1, 1, 1] Ov: 15
nothing [1, 0, 1, 0, 0, 0, 0, 4, 4, 0, 2, 1, 0, 1, 0] Ov: 14
see [7, 2, 1, 0, 0, 0, 1, 0, 1, 0, 0, 1, 0, 0, 0] Ov: 13
games [12, 0, 0, 0, 0, 1, 0, 0, 0, 0, 0, 0, 0, 0, 0] Ov: 13
life [0, 1, 0, 11, 0, 0, 0, 1, 0, 0, 0, 0, 0, 0, 0] Ov: 13
heart [0, 0, 0, 0, 0, 0, 1, 0, 4, 8, 0, 0, 0, 0, 0] Ov: 13
soul [0, 1, 0, 0, 0, 0, 0, 0, 0, 11, 0, 0, 0, 0, 0] Ov: 12
go [3, 1, 1, 0, 0, 0, 0, 0, 3, 3, 0, 0, 0, 0, 0] Ov: 11
night [7, 0, 0, 0, 1, 0, 0, 0, 0, 1, 0, 0, 0, 1, 1] Ov: 11
ah [0, 4, 0, 0, 0, 0, 0, 0, 0, 0, 0, 7, 0, 0, 0] Ov: 11
over [0, 2, 9, 0, 0, 0, 0, 0, 0, 0, 0, 0, 0, 0, 0] Ov: 11
body [0, 1, 0, 0, 0, 0, 0, 0, 0, 10, 0, 0, 0, 0, 0] Ov: 11
best [0, 0, 0, 0, 3, 0, 0, 0, 1, 0, 0, 7, 0, 0, 0] Ov: 11
dreams [6, 0, 0, 0, 0, 4, 0, 0, 0, 0, 0, 0, 0, 0, 0] Ov: 10
away [0, 1, 1, 1, 0, 0, 0, 0, 0, 0, 0, 0, 4, 2, 1] Ov: 10
something [0, 1, 8, 1, 0, 0, 0, 0, 0, 0, 0, 0, 0, 0, 0] Ov: 10
doin' [0, 0, 0, 9, 0, 0, 0, 0, 0, 0, 0, 0, 0, 1, 0] Ov: 10
save [0, 0, 0, 9, 0, 0, 0, 0, 0, 0, 0, 0, 0, 1, 0] Ov: 10
cool [0, 0, 0, 0, 8, 1, 0, 1, 0, 0, 0, 0, 0, 0, 0] Ov: 10
place [0, 0, 0, 0, 0, 1, 3, 0, 6, 0, 0, 0, 0, 0, 0] Ov: 10
world [0, 0, 3, 0, 0, 2, 0, 0, 0, 0, 4, 0, 0, 0, 0] Ov: 9
name [0, 0, 1, 2, 0, 0, 0, 0, 0, 0, 0, 6, 0, 0, 0] Ov: 9
yours [0, 0, 0, 0, 0, 3, 6, 0, 0, 0, 0, 0, 0, 0, 0] Ov: 9
met [0, 0, 0, 0, 0, 0, 1, 0, 6, 1, 0, 1, 0, 0, 0] Ov: 9
crazy [0, 1, 0, 7, 0, 0, 0, 0, 0, 0, 0, 0, 0, 0, 0] Ov: 8
eyes [0, 1, 0, 0, 1, 0, 4, 1, 0, 0, 0, 0, 0, 1, 0] Ov: 8
head [0, 0, 0, 0, 4, 0, 0, 0, 0, 0, 0, 0, 1, 3, 0] Ov: 8
honey [0, 0, 0, 0, 1, 2, 0, 1, 1, 0, 0, 0, 3, 0, 0] Ov: 8
feeling [0, 0, 0, 0, 0, 0, 0, 0, 0, 0, 7, 0, 1, 0, 0] Ov: 8
knew [2, 1, 0, 0, 0, 0, 0, 0, 2, 0, 2, 0, 0, 0, 0] Ov: 7
keep [1, 1, 0, 0, 0, 0, 3, 0, 0, 1, 0, 0, 0, 1, 0] Ov: 7
touch [3, 2, 0, 1, 1, 0, 0, 0, 0, 0, 0, 0, 0, 0, 0] Ov: 7
alone [3, 0, 0, 0, 0, 0, 2, 1, 0, 1, 0, 0, 0, 0, 0] Ov: 7
come [0, 1, 0, 0, 1, 1, 3, 1, 0, 0, 0, 0, 0, 0, 0] Ov: 7
even [0, 1, 2, 0, 0, 0, 0, 0, 0, 0, 0, 3, 1, 0, 0] Ov: 7
trust [0, 0, 2, 0, 0, 4, 0, 0, 0, 0, 0, 0, 0, 1, 0] Ov: 7
again [0, 0, 3, 0, 0, 0, 0, 0, 0, 0, 3, 0, 1, 0, 0] Ov: 7
far [0, 0, 0, 1, 0, 0, 0, 0, 6, 0, 0, 0, 0, 0, 0] Ov: 7
here [0, 0, 0, 0, 2, 0, 3, 1, 0, 0, 0, 0, 1, 0, 0] Ov: 7
break [0, 0, 0, 0, 0, 0, 2, 0, 1, 0, 0, 0, 4, 0, 0] Ov: 7
room [0, 0, 0, 0, 0, 0, 0, 1, 0, 3, 2, 1, 0, 0, 0] Ov: 7
darling [0, 0, 0, 0, 0, 0, 0, 0, 0, 0, 1, 0, 6, 0, 0] Ov: 7
friend [0, 0, 0, 0, 0, 0, 0, 0, 0, 0, 0, 6, 1, 0, 0] Ov: 7
girls [1, 2, 0, 0, 1, 0, 0, 0, 0, 0, 0, 0, 0, 0, 2] Ov: 6
lights [3, 0, 0, 0, 1, 0, 0, 0, 0, 0, 2, 0, 0, 0, 0] Ov: 6
gonna [3, 0, 0, 1, 0, 0, 0, 0, 0, 0, 0, 1, 0, 0, 1] Ov: 6
little [0, 1, 0, 1, 0, 1, 2, 1, 0, 0, 0, 0, 0, 0, 0] Ov: 6
fun [0, 1, 3, 0, 1, 0, 0, 1, 0, 0, 0, 0, 0, 0, 0] Ov: 6
mine [0, 0, 0, 1, 1, 2, 0, 2, 0, 0, 0, 0, 0, 0, 0] Ov: 6
beat [0, 0, 0, 0, 0, 0, 0, 0, 3, 2, 0, 0, 1, 0, 0] Ov: 6
shaking [0, 0, 0, 0, 0, 0, 0, 0, 0, 0, 0, 4, 2, 0, 0] Ov: 6
new [0, 0, 0, 0, 0, 0, 0, 0, 0, 0, 0, 0, 0, 3, 3] Ov: 6
known [1, 0, 0, 0, 0, 0, 0, 0, 4, 0, 0, 0, 0, 0, 0] Ov: 5
heard [0, 4, 0, 0, 0, 0, 0, 0, 0, 0, 0, 0, 0, 1, 0] Ov: 5
girl [0, 1, 0, 0, 0, 0, 3, 0, 0, 1, 0, 0, 0, 0, 0] Ov: 5
both [0, 2, 0, 0, 0, 0, 0, 0, 2, 0, 0, 1, 0, 0, 0] Ov: 5
way [0, 1, 0, 0, 0, 0, 0, 4, 0, 0, 0, 0, 0, 0, 0] Ov: 5
mistakes [0, 1, 0, 0, 0, 0, 0, 0, 0, 0, 0, 1, 0, 1, 2] Ov: 5
drama [0, 1, 0, 0, 0, 2, 0, 0, 0, 0, 0, 0, 1, 1, 0] Ov: 5
leave [0, 0, 1, 0, 0, 0, 0, 0, 4, 0, 0, 0, 0, 0, 0] Ov: 5
thing [0, 0, 1, 0, 0, 0, 0, 0, 0, 0, 0, 0, 1, 3, 0] Ov: 5
fall [0, 0, 0, 1, 0, 0, 4, 0, 0, 0, 0, 0, 0, 0, 0] Ov: 5
stay [0, 0, 0, 1, 1, 0, 0, 0, 0, 0, 0, 0, 0, 0, 3] Ov: 5
high [0, 0, 0, 2, 0, 0, 0, 0, 0, 0, 0, 0, 0, 3, 0] Ov: 5
side [0, 0, 0, 0, 2, 0, 0, 0, 1, 0, 0, 2, 0, 0, 0] Ov: 5
black [0, 0, 0, 0, 1, 0, 3, 0, 1, 0, 0, 0, 0, 0, 0] Ov: 5
chill [0, 0, 0, 0, 4, 0, 1, 0, 0, 0, 0, 0, 0, 0, 0] Ov: 5
floor [0, 0, 0, 0, 1, 0, 0, 0, 0, 0, 0, 0, 0, 0, 4] Ov: 5
pretend [0, 0, 0, 0, 1, 0, 0, 0, 4, 0, 0, 0, 0, 0, 0] Ov: 5
laugh [0, 0, 0, 0, 0, 1, 0, 0, 0, 0, 0, 0, 0, 0, 4] Ov: 5
out [0, 0, 0, 0, 0, 1, 0, 0, 0, 1, 2, 0, 0, 0, 1] Ov: 5
making [0, 0, 0, 0, 0, 0, 0, 3, 0, 0, 0, 0, 0, 0, 2] Ov: 5
more [0, 0, 0, 0, 0, 0, 0, 4, 0, 0, 0, 0, 0, 1, 0] Ov: 5
saw [2, 0, 0, 0, 0, 0, 0, 0, 1, 0, 0, 1, 0, 0, 0] Ov: 4
hard [1, 1, 0, 0, 0, 0, 0, 0, 0, 0, 0, 0, 0, 0, 2] Ov: 4
try [1, 0, 0, 0, 0, 0, 0, 0, 0, 1, 0, 1, 1, 0, 0] Ov: 4
such [1, 0, 0, 0, 0, 0, 0, 0, 3, 0, 0, 0, 0, 0, 0] Ov: 4
sorry [1, 0, 0, 0, 0, 1, 0, 0, 2, 0, 0, 0, 0, 0, 0] Ov: 4
need [0, 2, 0, 1, 0, 0, 0, 0, 0, 0, 0, 0, 0, 1, 0] Ov: 4
another [0, 2, 0, 0, 0, 2, 0, 0, 0, 0, 0, 0, 0, 0, 0] Ov: 4
play [0, 2, 1, 0, 0, 1, 0, 0, 0, 0, 0, 0, 0, 0, 0] Ov: 4
long [0, 1, 0, 1, 1, 0, 0, 0, 0, 0, 0, 0, 0, 0, 1] Ov: 4
loves [0, 1, 0, 0, 0, 0, 0, 0, 0, 0, 0, 0, 0, 3, 0] Ov: 4
hand [0, 1, 0, 0, 0, 0, 0, 1, 0, 0, 0, 0, 1, 0, 1] Ov: 4
red [0, 1, 1, 0, 0, 2, 0, 0, 0, 0, 0, 0, 0, 0, 0] Ov: 4
fly [0, 0, 1, 0, 0, 0, 0, 0, 0, 0, 0, 0, 0, 3, 0] Ov: 4
lose [0, 0, 0, 1, 0, 0, 3, 0, 0, 0, 0, 0, 0, 0, 0] Ov: 4
mind [0, 0, 0, 2, 0, 0, 0, 0, 1, 1, 0, 0, 0, 0, 0] Ov: 4
inside [0, 0, 0, 1, 0, 0, 0, 0, 0, 3, 0, 0, 0, 0, 0] Ov: 4
worse [0, 0, 0, 0, 3, 0, 0, 1, 0, 0, 0, 0, 0, 0, 0] Ov: 4
babe [0, 0, 0, 0, 3, 0, 0, 0, 0, 0, 0, 0, 0, 0, 1] Ov: 4
day [0, 0, 0, 0, 0, 1, 0, 0, 0, 0, 0, 0, 0, 0, 3] Ov: 4
old [0, 0, 0, 0, 0, 1, 0, 0, 2, 0, 1, 0, 0, 0, 0] Ov: 4
everyone [0, 0, 0, 0, 0, 0, 1, 1, 0, 0, 0, 1, 1, 0, 0] Ov: 4
honestly [0, 0, 0, 0, 0, 0, 3, 1, 0, 0, 0, 0, 0, 0, 0] Ov: 4
last [0, 0, 0, 0, 0, 0, 0, 0, 1, 0, 0, 0, 0, 0, 3] Ov: 4
took [0, 0, 0, 0, 0, 0, 0, 0, 0, 2, 0, 0, 1, 1, 0] Ov: 4
whole [0, 0, 0, 0, 0, 0, 0, 0, 0, 0, 0, 0, 1, 3, 0] Ov: 4
loved [1, 0, 0, 0, 0, 0, 0, 0, 0, 0, 2, 0, 0, 0, 0] Ov: 3
left [1, 0, 1, 0, 0, 0, 0, 0, 1, 0, 0, 0, 0, 0, 0] Ov: 3
boys [1, 0, 0, 0, 0, 0, 0, 0, 0, 2, 0, 0, 0, 0, 0] Ov: 3
man [1, 0, 1, 0, 0, 0, 0, 0, 1, 0, 0, 0, 0, 0, 0] Ov: 3
better [1, 0, 0, 0, 0, 0, 0, 0, 0, 1, 0, 0, 0, 1, 0] Ov: 3
forever [1, 0, 0, 0, 0, 0, 0, 0, 0, 0, 2, 0, 0, 0, 0] Ov: 3
move [1, 0, 0, 0, 0, 0, 0, 0, 0, 2, 0, 0, 0, 0, 0] Ov: 3
names [1, 0, 0, 0, 0, 2, 0, 0, 0, 0, 0, 0, 0, 0, 0] Ov: 3
toast [0, 1, 0, 0, 0, 0, 0, 0, 0, 0, 0, 0, 1, 0, 1] Ov: 3
drinking [0, 2, 0, 0, 0, 0, 0, 0, 0, 1, 0, 0, 0, 0, 0] Ov: 3
older [0, 1, 0, 1, 0, 0, 0, 1, 0, 0, 0, 0, 0, 0, 0] Ov: 3
truth [0, 2, 0, 0, 0, 0, 0, 0, 0, 0, 0, 1, 0, 0, 0] Ov: 3
we'd [0, 2, 0, 0, 0, 0, 0, 0, 1, 0, 0, 0, 0, 0, 0] Ov: 3
lips [0, 1, 1, 0, 0, 0, 0, 0, 0, 1, 0, 0, 0, 0, 0] Ov: 3
tell [0, 0, 2, 0, 0, 0, 0, 0, 0, 0, 0, 0, 0, 0, 1] Ov: 3
three [0, 0, 1, 0, 0, 0, 0, 0, 1, 0, 0, 0, 0, 0, 1] Ov: 3
gone [0, 0, 0, 1, 0, 0, 2, 0, 0, 0, 0, 0, 0, 0, 0] Ov: 3
echoes [0, 0, 0, 2, 1, 0, 0, 0, 0, 0, 0, 0, 0, 0, 0] Ov: 3
bar [0, 0, 0, 0, 1, 0, 1, 0, 1, 0, 0, 0, 0, 0, 0] Ov: 3
phone [0, 0, 0, 0, 1, 1, 0, 0, 0, 0, 0, 0, 1, 0, 0] Ov: 3
dark [0, 0, 0, 0, 1, 0, 1, 0, 1, 0, 0, 0, 0, 0, 0] Ov: 3
blue [0, 0, 0, 0, 1, 0, 0, 1, 0, 0, 1, 0, 0, 0, 0] Ov: 3
home [0, 0, 0, 0, 1, 0, 0, 1, 0, 0, 0, 0, 0, 0, 1] Ov: 3
kingdom [0, 0, 0, 0, 0, 1, 0, 0, 0, 2, 0, 0, 0, 0, 0] Ov: 3
being [0, 0, 0, 0, 0, 0, 0, 2, 0, 0, 0, 0, 1, 0, 0] Ov: 3
times [0, 0, 0, 0, 0, 0, 0, 0, 1, 0, 0, 1, 0, 0, 1] Ov: 3
worst [0, 0, 0, 0, 0, 0, 0, 0, 1, 0, 0, 2, 0, 0, 0] Ov: 3
lies [0, 0, 0, 0, 0, 0, 0, 0, 1, 0, 0, 1, 1, 0, 0] Ov: 3
secret [0, 0, 0, 0, 0, 0, 0, 0, 0, 1, 1, 1, 0, 0, 0] Ov: 3
golden [0, 0, 0, 0, 0, 0, 0, 0, 0, 0, 1, 2, 0, 0, 0] Ov: 3
kiss [0, 0, 0, 0, 0, 0, 0, 0, 0, 0, 2, 1, 0, 0, 0] Ov: 3
burned [0, 0, 0, 0, 0, 0, 0, 0, 0, 0, 2, 1, 0, 0, 0] Ov: 3
ghost [1, 1, 0, 0, 0, 0, 0, 0, 0, 0, 0, 0, 0, 0, 0] Ov: 2
holdin' [1, 0, 0, 0, 0, 0, 0, 0, 0, 0, 0, 0, 0, 1, 0] Ov: 2
tryin' [1, 0, 0, 0, 0, 0, 0, 0, 0, 1, 0, 0, 0, 0, 0] Ov: 2
hearts [1, 0, 0, 1, 0, 0, 0, 0, 0, 0, 0, 0, 0, 0, 0] Ov: 2
taylor [1, 0, 0, 0, 0, 1, 0, 0, 0, 0, 0, 0, 0, 0, 0] Ov: 2
forget [1, 1, 0, 0, 0, 0, 0, 0, 0, 0, 0, 0, 0, 0, 0] Ov: 2
same [1, 0, 0, 0, 0, 0, 0, 0, 0, 0, 0, 0, 0, 1, 0] Ov: 2
bit [0, 1, 1, 0, 0, 0, 0, 0, 0, 0, 0, 0, 0, 0, 0] Ov: 2
end [0, 1, 0, 0, 0, 0, 0, 0, 0, 1, 0, 0, 0, 0, 0] Ov: 2
storm [0, 1, 0, 0, 0, 0, 0, 0, 0, 0, 0, 0, 0, 1, 0] Ov: 2
days [0, 1, 0, 0, 0, 0, 1, 0, 0, 0, 0, 0, 0, 0, 0] Ov: 2
without [0, 1, 0, 0, 0, 0, 0, 0, 0, 0, 1, 0, 0, 0, 0] Ov: 2
hit [0, 1, 0, 0, 0, 0, 0, 0, 1, 0, 0, 0, 0, 0, 0] Ov: 2
put [0, 1, 0, 0, 0, 0, 0, 0, 1, 0, 0, 0, 0, 0, 0] Ov: 2
gold [0, 1, 0, 0, 0, 0, 1, 0, 0, 0, 0, 0, 0, 0, 0] Ov: 2
calling [0, 1, 0, 0, 0, 0, 0, 0, 0, 0, 0, 0, 0, 1, 0] Ov: 2
lie [0, 0, 1, 0, 0, 1, 0, 0, 0, 0, 0, 0, 0, 0, 0] Ov: 2
thinks [0, 0, 1, 0, 0, 0, 0, 0, 0, 0, 0, 1, 0, 0, 0] Ov: 2
before [0, 0, 1, 0, 0, 0, 0, 0, 0, 0, 0, 0, 0, 0, 1] Ov: 2
change [0, 0, 1, 0, 0, 0, 0, 0, 0, 1, 0, 0, 0, 0, 0] Ov: 2
darkest [0, 0, 0, 1, 0, 0, 0, 0, 0, 0, 0, 0, 0, 1, 0] Ov: 2
hair [0, 0, 0, 0, 1, 0, 0, 0, 0, 0, 0, 1, 0, 0, 0] Ov: 2
sleep [0, 0, 0, 0, 1, 1, 0, 0, 0, 0, 0, 0, 0, 0, 0] Ov: 2
dreaming [0, 0, 0, 0, 1, 0, 0, 0, 0, 1, 0, 0, 0, 0, 0] Ov: 2
keys [0, 0, 0, 0, 0, 1, 0, 0, 1, 0, 0, 0, 0, 0, 0] Ov: 2
wear [0, 0, 0, 0, 0, 0, 1, 0, 0, 0, 0, 0, 0, 1, 0] Ov: 2
jealous [0, 0, 0, 0, 0, 0, 1, 1, 0, 0, 0, 0, 0, 0, 0] Ov: 2
drunk [0, 0, 0, 0, 0, 0, 0, 1, 0, 0, 0, 1, 0, 0, 0] Ov: 2
talking [0, 0, 0, 0, 0, 0, 0, 1, 0, 0, 1, 0, 0, 0, 0] Ov: 2
wanted [0, 0, 0, 0, 0, 0, 0, 0, 1, 0, 1, 0, 0, 0, 0] Ov: 2
reason [0, 0, 0, 0, 0, 0, 0, 0, 1, 0, 1, 0, 0, 0, 0] Ov: 2
turned [0, 0, 0, 0, 0, 0, 0, 0, 1, 0, 1, 0, 0, 0, 0] Ov: 2
late [0, 0, 0, 0, 0, 0, 0, 0, 0, 1, 0, 0, 0, 1, 0] Ov: 2
idea [0, 0, 0, 0, 0, 0, 0, 0, 0, 1, 0, 1, 0, 0, 0] Ov: 2
lost [0, 0, 0, 0, 0, 0, 0, 0, 0, 0, 0, 0, 1, 0, 1] Ov: 2

937 different words out of 7080 (13%)
title, by artist
# ...Ready For It?
	Total words: 429
	Unique words: 128 (29%)
	Not stop words: 181 (42%)
	Top 5 words: [('games', 12), ('begin', 12), ('see', 7), ('know', 7), ('middle', 7)]
# End Game
	Total words: 681
	Unique words: 200 (29%)
	Not stop words: 295 (43%)
	Top 5 words: [('wanna', 35), ('endgame', 19), ('big', 14), ('reputation', 11), ('a-team', 10)]
# I Did Something Bad
	Total words: 432
	Unique words: 118 (27%)
	Not stop words: 188 (43%)
	Top 5 words: [('good', 20), ('light', 14), ('up', 14), ('feel', 12), ('bad', 10)]
# Don't Blame Me
	Total words: 474
	Unique words: 111 (23%)
	Not stop words: 202 (42%)
	Top 5 words: [('baby', 12), ("usin'", 12), ('time', 12), ('life', 11), ('rest', 10)]
# Delicate
	Total words: 512
	Unique words: 117 (22%)
	Not stop words: 145 (28%)
	Top 5 words: [('delicate', 15), ('cool', 8), ('know', 8), ('make', 6), ('never', 4)]
# Look What You Made Me Do
	Total words: 557
	Unique words: 112 (20%)
	Not stop words: 212 (38%)
	Top 5 words: [('made', 40), ('look', 39), ('ooh', 10), ('nobody', 8), ('oh', 5)]
# So It Goes...
	Total words: 388
	Unique words: 104 (26%)
	Not stop words: 178 (45%)
	Top 5 words: [('know', 7), ('goes', 7), ('baby', 6), ('yours', 6), ('bad', 6)]
# Gorgeous
	Total words: 386
	Unique words: 125 (32%)
	Not stop words: 147 (38%)
	Top 5 words: [('gorgeous', 13), ('hate', 6), ('face', 6), ('way', 4), ('makes', 4)]
# Getaway Car
	Total words: 551
	Unique words: 162 (29%)
	Not stop words: 260 (47%)
	Top 5 words: [('getaway', 22), ('car', 22), ('first', 11), ('never', 8), ('far', 6)]
# King of my Heart
	Total words: 478
	Unique words: 123 (25%)
	Not stop words: 219 (45%)
	Top 5 words: [('waiting', 18), ('once', 17), ('ooh', 17), ('whoa', 17), ('soul', 11)]
# Dancing With Our Hands Tied
	Total words: 427
	Unique words: 116 (27%)
	Not stop words: 203 (47%)
	Top 5 words: [('dancing', 22), ('hands', 18), ('tied', 16), ('yeah', 10), ('oh', 9)]
# Dress
	Total words: 491
	Unique words: 129 (26%)
	Not stop words: 222 (45%)
	Top 5 words: [('ha', 20), ('take', 16), ('bought', 10), ('dress', 10), ('ha-ah', 8)]
# This Is Why We Can't Have Nice Things
	Total words: 393
	Unique words: 135 (34%)
	Not stop words: 139 (35%)
	Top 5 words: [('things', 14), ('nice', 13), ('darling', 6), ('break', 4), ('take', 4)]
# Call It What You Want
	Total words: 512
	Unique words: 150 (29%)
	Not stop words: 240 (46%)
	Top 5 words: [('call', 43), ('want', 33), ('yeah', 8), ('one', 7), ("baby's", 6)]
# New Year's Day
	Total words: 369
	Unique words: 96 (26%)
	Not stop words: 151 (40%)
	Top 5 words: [('hold', 20), ('memories', 9), ('floor', 4), ('please', 4), ('become', 4)]
